%YAML:1.0

runtime:
  image_delay_to_imu: 0.008922152649677474 # Timestamp shift. Timage = Timu + image_delay
  log_file_path: "/home/kandithws/ait_workspace/viorb_log/"
  bagfile: "/media/backup/thesis_dataset/chair1/ds1.bag"
  imu_topic: "/imu0"
  image_topic: "/cam0/image_raw/compressed"
  image2_topic: "/cam1/image_raw/compressed"
  multiply_g: 0
  discard_time: 0
  pre_rectify_images: 1

system:
  use_object: 1
  use_imu: 1
  real_time: 0

eval:
  num_save_kf_images: 15
  num_initial_skip: 5
  enable: 0

imu:
  vins_init_time: 5.0
  fast_init: 1
  # camera-imu frame transformation, Pi = Tic * Pc
#  Tbc: [ 0.06874696, 0.66486579, -0.74379254, -0.07,
#         0.05826041, 0.74160844, 0.66829832, -0.045,
#         0.99593151, -0.08927713,  0.01224797, -0.0325,
#         0, 0, 0, 1.]
#  Tbc: [0.04765112, -0.9633001,   0.26416338, -0.07,
#        0.33348022,  0.26463197,  0.90485405, -0.045,
#        -0.94155208,  0.04497596,  0.33385154, -0.0325,
#        0.,          0.,          0.,          1.]
#  Tbc: [-0.9999987317275397, 0.0015926529164868287, -0.0, 0.06994815000114198, 0.00015678707401552464, 0.09844384394350442, 0.9951425953135765, 0.04654672974233385, 0.0015849167567464392, # 0.9951413332016286, -0.09844396879727894, -0.03737523594188913, 0.0, 0.0, 0.0, 1.0]
  Tbc: [-0.999993177464815, -0.0003289869841229068, -0.003679237881317059, 0.07, -0.003693917138085359, 0.08906121260969932, 0.9960193047248969, 0.0325, 0.0, 0.9960261001480103, -0.08906182023710153, -0.05, 0.0, 0.0, 0.0, 1.0]


#--------------------------------------------------
# Object Detection parameters
#--------------------------------------------------
object_detection:
  type: CV
  model_path: /home/kandithws/ait_workspace/thesis_ml_ws/models/darknet-coco/yolov3.weights
  config_path: /home/kandithws/ait_workspace/thesis_ml_ws/models/darknet-coco/yolov3.cfg
  label_map_path: /home/kandithws/ait_workspace/thesis_ml_ws/models/darknet-coco/coco.names
  input_size: 416
  min_confidence: 0.8
  nms_threshold: 0.4
  apply_nms: 1
  grpc_url: "localhost:50051"
  allow_skip: 1
  selected_labels: [56]

#--------------------------------------------------
# Initialization parameters
#--------------------------------------------------
object_initialization:
  use_stat_rm_outlier: 1
  mean_k: 8
  std_dev_mul_th: 0.65
  project_2d_outlier: 0 # DO NOT USE FOR NOW
  use_mask: 0
  outlier_filter_type: 1 # 0: PCL SOR, 1: local dist diff, 2: local std diff
  outlier_threshold: 0.2 # For type 1(recommend: 0.2), 2(recommend: 0.15)

local_mapping:
  window_size: 20
  object_detect_timeout: 0.1

optimization:
  update_rollpitch: 0
  update_scale: 0

#--------------------------------------------------------------------------------------------
# Camera Parameters. Adjust them!
#--------------------------------------------------------------------------------------------

# Camera calibration and distortion parameters (OpenCV)
Camera.fx: 748.02142
Camera.fy: 748.02142
Camera.cx: 464.86643
Camera.cy: 221.2312

Camera.k1: 0.0
Camera.k2: 0.0
Camera.p1: 0.0
Camera.p2: 0.0

Camera.width: 800
Camera.height: 448

# Camera frames per second
Camera.fps: 20.0

# stereo baseline times fx
# https://stackoverflow.com/questions/16833267/how-to-estimate-baseline-using-calibration-matrix
#the baseline in fact, dist btw cam centers, camera.bf = P.camera.fx * real-distance btw cam centers (0.15)

Camera.bf: 112.203213


# Color order of the images (0: BGR, 1: RGB. It is ignored if images are grayscale)
Camera.RGB: 0

# Close/Far threshold. Baseline times.
ThDepth: 35

#--------------------------------------------------------------------------------------------
# Stereo Rectification. Only if you need to pre-rectify the images.
# Camera.fx, .fy, etc must be the same as in LEFT.P
#--------------------------------------------------------------------------------------------
LEFT.height: 448
LEFT.width: 800
LEFT.D: !!opencv-matrix
  rows: 1
  cols: 5
  dt: d
  data: [0.078348, -0.098375, 0.001723, -0.000106, 0.000000]
LEFT.K: !!opencv-matrix
  rows: 3
  cols: 3
  dt: d
  data: [668.39345,   0.     , 417.59834,
           0.     , 669.42034, 218.42771,
           0.     ,   0.     ,   1.     ]
LEFT.R:  !!opencv-matrix
  rows: 3
  cols: 3
  dt: d
  data: [ 0.9982566 , -0.00466063, -0.05883903,
          0.00543548,  0.99990052,  0.0130159 ,
          0.05877251, -0.01331303,  0.99818263]
LEFT.P:  !!opencv-matrix
  rows: 3
  cols: 4
  dt: d
  data: [748.02142,   0.     , 464.86643,   0.     ,
           0.     , 748.02142, 221.2312 ,   0.     ,
           0.     ,   0.     ,   1.     ,   0.     ]

RIGHT.height: 448
RIGHT.width: 800
RIGHT.D: !!opencv-matrix
  rows: 1
  cols: 5
  dt: d
  data: [0.123931, -0.249809, 0.000700, -0.001418, 0.000000]
RIGHT.K: !!opencv-matrix
  rows: 3
  cols: 3
  dt: d
  data: [674.9276 ,   0.     , 398.13464,
           0.     , 677.93353, 222.32311,
           0.     ,   0.     ,   1.     ]
RIGHT.R:  !!opencv-matrix
  rows: 3
  cols: 3
  dt: d
  data: [ 0.99759367, -0.01066067, -0.06850708,
          0.00975695,  0.99986109, -0.01351275,
          0.06864162,  0.01281181,  0.99755911]
RIGHT.P:  !!opencv-matrix
  rows: 3
  cols: 4
  dt: d
  data: [748.02142,   0.     , 464.86643,  -5.51128,
           0.     , 748.02142, 221.2312 ,   0.     ,
           0.     ,   0.     ,   1.     ,   0.     ]

#--------------------------------------------------------------------------------------------
# ORB Parameters
#--------------------------------------------------------------------------------------------

# ORB Extractor: Number of features per image
ORBextractor.nFeatures: 1000

# ORB Extractor: Scale factor between levels in the scale pyramid
ORBextractor.scaleFactor: 1.2

# ORB Extractor: Number of levels in the scale pyramid
ORBextractor.nLevels: 8

# ORB Extractor: Fast threshold
# Image is divided in a grid. At each cell FAST are extracted imposing a minimum response.
# Firstly we impose iniThFAST. If no corners are detected we impose a lower value minThFAST
# You can lower these values if your images have low contrast
ORBextractor.iniThFAST: 20
ORBextractor.minThFAST: 7

#--------------------------------------------------------------------------------------------
# Viewer Parameters
#--------------------------------------------------------------------------------------------
Viewer.KeyFrameSize: 0.05
Viewer.KeyFrameLineWidth: 1
Viewer.GraphLineWidth: 0.9
Viewer.PointSize: 2
Viewer.CameraSize: 0.08
Viewer.CameraLineWidth: 3
Viewer.ViewpointX: 0
Viewer.ViewpointY: -0.7
Viewer.ViewpointZ: -1.8
Viewer.ViewpointF: 500
